Costs:
A-R1: 131.83333333333334
A-R2: 132.125
A-R3: 120.0
A-R4: 111.375
A-R5: 95.0
A-R6: 97.375
A-R7: 129.625
A-R8: 153.125
A-R9: 112.375
A-R10: 105.375
A-R11: 90.0
A-R12: 92.57142857142857

=================================================================================
#Opt:
A-R1: 6
A-R2: 8
A-R3: 8
A-R4: 8
A-R5: 8
A-R6: 8
A-R7: 8
A-R8: 8
A-R9: 8
A-R10: 8
A-R11: 8
A-R12: 7

=================================================================================

ILP:

Formulation times:

A-R1: 600.0
A-R2: 600.0
A-R3: 600.0
A-R4: 600.0
A-R5: 600.0
A-R6: 600.0
A-R7: 600.0
A-R8: 600.0
A-R9: 600.0
A-R10: 600.0
A-R11: 600.0
A-R12: 600.0

=================================================================================

RILP:

Formulation times:

A-R1: 4.371666666666666
A-R2: 9.721250000000001
A-R3: 5.279999999999999
A-R4: 4.41125
A-R5: 219.7875
A-R6: 273.285
A-R7: 11.875
A-R8: 7.213750000000001
A-R9: 8.93375
A-R10: 7.08875
A-R11: 3.97625
A-R12: 4.338571428571429
