Costs:
A-G1: 6264.5
A-G2: 6264.5
A-G3: 9640.25
A-G4: 9627.875
A-G5: 15331.75
A-G6: 15342.0
A-G7: 23827.25
A-G8: 23851.5
A-G9: 30768.5
A-G10: 30786.5
A-G11: 47749.75
A-G12: 47782.75

=================================================================================
#Opt:
A-G1: 8
A-G2: 8
A-G3: 8
A-G4: 8
A-G5: 8
A-G6: 8
A-G7: 8
A-G8: 8
A-G9: 8
A-G10: 8
A-G11: 8
A-G12: 8

=================================================================================

ILP:

Formulation times:

A-G1: 22.94625
A-G2: 24.99625
A-G3: 115.87625
A-G4: 145.26
A-G5: 600.0
A-G6: 600.0
A-G7: 600.0
A-G8: 600.0
A-G9: 600.0
A-G10: 600.0
A-G11: 600.0
A-G12: 600.0

=================================================================================

RILP:

Formulation times:

A-G1: 1.315
A-G2: 0.465
A-G3: 0.45999999999999996
A-G4: 5.7875000000000005
A-G5: 4.0175
A-G6: 1.41125
A-G7: 2.3549999999999995
A-G8: 1.86125
A-G9: 8.05875
A-G10: 9.05125
A-G11: 42.46124999999999
A-G12: 30.157500000000002
