Costs:
B-G1: 6277.4
B-G2: 6275.6
B-G3: 9633.0
B-G4: 9634.5
B-G5: 15355.4
B-G6: 15358.7
B-G7: 23838.0
B-G8: 23837.5
B-G9: 30781.1
B-G10: 30781.5
B-G11: 47758.0
B-G12: 47754.4

=================================================================================
#Opt:
B-G1: 10
B-G2: 10
B-G3: 10
B-G4: 10
B-G5: 10
B-G6: 10
B-G7: 10
B-G8: 10
B-G9: 10
B-G10: 10
B-G11: 10
B-G12: 10

=================================================================================

ILP:

Formulation times:

B-G1: 17.262999999999998
B-G2: 17.546
B-G3: 68.873
B-G4: 75.46200000000002
B-G5: 518.333
B-G6: 536.032
B-G7: 600.0
B-G8: 600.0
B-G9: 600.0
B-G10: 600.0
B-G11: 600.0
B-G12: 600.0

=================================================================================

RILP:

Formulation times:

B-G1: 0.21200000000000002
B-G2: 0.40199999999999997
B-G3: 1.936
B-G4: 1.6760000000000002
B-G5: 2.213
B-G6: 2.697
B-G7: 2.4370000000000003
B-G8: 2.587
B-G9: 5.216
B-G10: 5.304
B-G11: 34.342999999999996
B-G12: 35.06
