Costs:
B-R1: 125.22222222222223
B-R2: 125.22222222222223
B-R3: 121.2
B-R4: 121.2
B-R5: 100.55555555555556
B-R6: 100.55555555555556
B-R7: 158.0
B-R8: 141.9
B-R9: 115.3
B-R10: 115.3
B-R11: 115.3
B-R12: 115.3

=================================================================================
#Opt:
B-R1: 9
B-R2: 9
B-R3: 10
B-R4: 10
B-R5: 9
B-R6: 9
B-R7: 10
B-R8: 10
B-R9: 10
B-R10: 10
B-R11: 10
B-R12: 10

=================================================================================

ILP:

Formulation times:

B-R1: 600.0
B-R2: 600.0
B-R3: 600.0
B-R4: 600.0
B-R5: 600.0
B-R6: 600.0
B-R7: 600.0
B-R8: 600.0
B-R9: 600.0
B-R10: 600.0
B-R11: 600.0
B-R12: 600.0

=================================================================================

RILP:

Formulation times:

B-R1: 2.6433333333333335
B-R2: 2.7577777777777777
B-R3: 7.8950000000000005
B-R4: 7.7989999999999995
B-R5: 10.69
B-R6: 10.822222222222223
B-R7: 494.43100000000004
B-R8: 434.75499999999994
B-R9: 9.64
B-R10: 9.815
B-R11: 669.0999999999999
B-R12: 711.4639999999999
